1,2,1.0
1,3,1.0
1,4,1.0
1,5,1.0
1,6,1.0
1,7,1.0
1,8,1.0
1,9,1.0
1,11,1.0
1,12,1.0
1,13,1.0
1,14,1.0
1,18,1.0
1,20,1.0
1,22,1.0
1,32,1.0
2,1,1.0
2,3,1.0
2,4,1.0
2,8,1.0
2,14,1.0
2,18,1.0
2,20,1.0
2,22,1.0
2,31,1.0
3,1,1.0
3,2,1.0
3,4,1.0
3,8,1.0
3,9,1.0
3,10,1.0
3,14,1.0
3,28,1.0
3,29,1.0
3,33,1.0
4,1,1.0
4,2,1.0
4,3,1.0
4,8,1.0
4,13,1.0
4,14,1.0
5,1,1.0
5,7,1.0
5,11,1.0
6,1,1.0
6,7,1.0
6,11,1.0
6,17,1.0
7,1,1.0
7,5,1.0
7,6,1.0
7,17,1.0
8,1,1.0
8,2,1.0
8,3,1.0
8,4,1.0
9,1,1.0
9,3,1.0
9,31,1.0
9,33,1.0
9,34,1.0
10,3,1.0
10,34,1.0
11,1,1.0
11,5,1.0
11,6,1.0
12,1,1.0
13,1,1.0
13,4,1.0
14,1,1.0
14,2,1.0
14,3,1.0
14,4,1.0
14,34,1.0
15,33,1.0
15,34,1.0
16,33,1.0
16,34,1.0
17,6,1.0
17,7,1.0
18,1,1.0
18,2,1.0
19,33,1.0
19,34,1.0
20,1,1.0
20,2,1.0
20,34,1.0
21,33,1.0
21,34,1.0
22,1,1.0
22,2,1.0
23,33,1.0
24,26,1.0
24,28,1.0
24,30,1.0
24,33,1.0
24,34,1.0
25,26,1.0
25,28,1.0
25,32,1.0
26,24,1.0
26,25,1.0
26,32,1.0
27,30,1.0
27,34,1.0
28,3,1.0
28,24,1.0
28,25,1.0
28,34,1.0
29,3,1.0
29,32,1.0
29,34,1.0
30,24,1.0
30,27,1.0
30,33,1.0
30,34,1.0
31,2,1.0
31,9,1.0
31,33,1.0
31,34,1.0
32,1,1.0
32,25,1.0
32,26,1.0
32,29,1.0
32,33,1.0
32,34,1.0
33,3,1.0
33,9,1.0
33,15,1.0
33,16,1.0
33,19,1.0
33,21,1.0
33,23,1.0
33,24,1.0
33,30,1.0
33,31,1.0
33,32,1.0
33,34,1.0
34,9,1.0
34,10,1.0
34,14,1.0
34,15,1.0
34,16,1.0
34,19,1.0
34,20,1.0
34,21,1.0
34,24,1.0
34,27,1.0
34,28,1.0
34,29,1.0
34,30,1.0
34,31,1.0
34,32,1.0
34,33,1.0
